81.25500432826226 57.84754549879492
72.28706413485132 55.81036156138669
2.1302538959296036 0.8561331489171762
344.69408186186985 312.1057575168231
0.9595501929264829 0.252975476138005
72.32879827871501 48.65277979959905
189.7640186789129 196.66491674112925
237.79766639430227 158.52693809897156
45.34937790452207 37.76317672951918
68.239575651224 47.25851625239592
61.20598171761543 164.89025601745084
128.7838888291451 101.4538315342628
166.23684089187222 76.3923188222106
99.7983736476209 87.01663231122203
1.8742726301227763 0.9181483791393906
1.007541961087054 0.7681717884563755
0.27758046429367844 0.3358507256726732
0.6089835037193406 0.29915421248491486
0.6418846018016355 0.34553847671891086
