56.89049849934001 135.6857857406818
131.70577190131868 33.321176316656675
41.19195574311031 28.15901024150932
877.0082827969076 708.1669505788927
68.96398709860055 44.4294144744808
209.21446533324567 82.01799012366955
260.75636536322367 148.7401373894715
567.7244463616873 232.54931208975592
2.085700791801465 0.6487571658580641
385.64872354504377 169.35454161148073
1.1011793640059422 0.9248788214228003
0.719983623129087 0.19416977685041162
86.00758084242563 56.01321771382818
0.4164804372085194 0.8426567981121389
1.974183125385474 1.2528912596644786
0.5813124108416547 1.0324583307338437
