86.00758084242563 56.01321771382818
69.60152680978786 47.61124879146964
2.026990096272946 0.790892470377895
267.79437154767106 143.027882842223
0.929821190683825 0.2211403490908546
63.423728199365826 26.915715552427287
131.70577190131868 33.321176316656675
209.21446533324567 82.01799012366955
41.19195574311031 28.15901024150932
68.96398709860055 44.4294144744808
56.89049849934001 135.6857857406818
260.75636536322367 148.7401373894715
261.9758158607506 120.53862161223881
98.2873651054255 74.99141659674822
1.8627553058827007 0.9081880137478766
0.9024543620644122 0.6233602911709482
1.974183125385474 1.2528912596644786
0.5813124108416547 1.0324583307338437
0.4164804372085194 0.8426567981121389
