81.21535331247748 57.8018566065095
72.25893208772632 55.79925757428558
2.1303876105356916 0.858415642614831
344.6806156207613 313.38661727458515
1.0970199745638518 0.3350059703872312
72.29996583812319 48.69431951138631
189.73755897025555 197.23762371799273
237.7018955959715 158.40727785951623
45.34685306015049 37.72665454776418
68.21243704333722 47.23854142202562
61.6502865156496 167.20864594966528
127.9261988388531 100.66888473947873
165.48596890693398 75.3779316133408
100.39015586098746 86.80599483566388
1.8720908430661929 0.9191004456931295
1.007329266127368 0.7680167225157195
0.3146866658129925 0.3407839129223482
0.5786405473734461 0.32728760052219497
0.6287789351057275 0.35483058123227135
