85.95309777647837 55.95976555124556
69.49057549520434 47.5217235635538
2.0267285241240343 0.7930921221544409
267.80297870516915 143.92512642041143
1.0564593932607669 0.2796082851777228
63.44273544550979 26.92065742835251
131.7063863147789 33.30575019051123
209.1896261314035 81.92685756607314
41.222286830466636 28.25584247379658
68.935008949796 44.42104956217968
56.98055327949856 136.45908761106756
258.6111381381563 147.11256686836464
260.9353595641971 119.74267373620069
98.8833665154354 74.99980287111772
1.8614698698612773 0.909418300835232
0.9021011015481555 0.6230903227532986
1.7877141079905416 1.2799578127107696
0.7518510438578019 1.195879438836934
0.4660548065170109 0.8873875472475552
