56.98055327949856 136.45908761106756
131.7063863147789 33.30575019051123
41.222286830466636 28.25584247379658
877.0601796630531 708.5736346679216
68.935008949796 44.42104956217968
209.1896261314035 81.92685756607314
258.6111381381563 147.11256686836464
565.1346380332564 230.94637892067882
2.0852061351158713 0.6485646279792255
384.71003334242585 168.4279548166178
1.093396286491178 0.9192919919684902
0.8018225164944277 0.25035056175462816
85.95309777647837 55.95976555124556
0.4660548065170109 0.8873875472475552
1.7877141079905416 1.2799578127107696
0.7518510438578019 1.195879438836934
